8.705505632961241247e-02 4.034955354700658936e+05
1.020550563296124119e-01 2.605106897631952597e+05
1.170550563296124114e-01 1.689193932537020592e+05
1.320550563296123969e-01 1.105546857389911020e+05
1.470550563296124102e-01 8.233223150754749076e+04
1.620550563296124236e-01 6.334411294593734056e+04
1.770550563296124091e-01 4.903013615010902140e+04
1.920550563296123947e-01 3.837497152570200706e+04
2.070550563296124080e-01 3.197231237392921321e+04
2.220550563296124214e-01 2.664344146116551201e+04
2.370550563296124069e-01 2.222627406991334647e+04
2.520550563296123925e-01 1.854132803471459556e+04
2.670550563296124058e-01 1.553162343331042393e+04
2.820550563296124191e-01 1.366241937661289921e+04
2.970550563296123769e-01 1.209362975923431077e+04
3.120550563296123903e-01 1.072079990441402879e+04
3.270550563296124036e-01 9.532649016091430894e+03
3.420550563296124169e-01 8.476164096085542042e+03
3.570550563296124302e-01 7.536755916394763517e+03
3.720550563296123880e-01 6.715749742769765362e+03
3.870550563296124014e-01 6.033994118409391376e+03
4.020550563296124147e-01 5.457041610352714088e+03
4.170550563296123725e-01 4.935223117983533484e+03
4.320550563296123858e-01 4.465134701356238111e+03
4.470550563296123991e-01 4.048497215553737988e+03
4.620550563296124125e-01 3.670492608581541845e+03
4.770550563296124258e-01 3.327564618025064647e+03
4.920550563296123836e-01 3.016481601304271862e+03
5.070550563296123414e-01 2.734307189660854419e+03
5.220550563296124658e-01 2.483823145333063167e+03
5.370550563296123681e-01 2.267579742332690330e+03
5.520550563296123814e-01 2.146208672902417675e+03
5.670550563296123947e-01 2.031298679570916420e+03
5.820550563296124080e-01 1.922507442931663036e+03
5.970550563296124214e-01 1.819510706736740076e+03
6.120550563296124347e-01 1.722544157219590488e+03
6.270550563296124480e-01 1.630928446980844456e+03
6.420550563296123503e-01 1.544169331748781588e+03
6.570550563296123636e-01 1.462010129228343203e+03
6.720550563296123769e-01 1.384207687218404772e+03
6.870550563296123903e-01 1.310531672101872573e+03
7.020550563296124036e-01 1.240763894674841367e+03
7.170550563296124169e-01 1.175506537768006638e+03
7.320550563296124302e-01 1.114914410504047055e+03
7.470550563296123325e-01 1.057444966900027111e+03
7.620550563296123459e-01 1.004666234375938984e+03
7.770550563296123592e-01 9.564409396976329845e+02
7.920550563296123725e-01 9.105297335023935830e+02
8.070550563296123858e-01 8.668216109889580139e+02
8.220550563296123991e-01 8.252108904606894839e+02
8.370550563296124125e-01 7.855969581410531646e+02
8.520550563296124258e-01 7.489299498047853376e+02
8.670550563296124391e-01 7.143843138145264220e+02
8.820550563296123414e-01 6.814239436078252083e+02
8.970550563296123547e-01 6.499765226087158680e+02
9.120550563296123681e-01 6.199730109154470483e+02
9.270550563296123814e-01 5.913474979729631968e+02
9.420550563296123947e-01 5.640370618121338566e+02
9.570550563296124080e-01 5.379816345658884984e+02
9.720550563296124214e-01 5.131238739850635966e+02
9.870550563296123237e-01 4.894090406888850566e+02
1.002055056329612448e+00 4.669980072462153089e+02
1.017055056329612350e+00 4.458604327560146317e+02
1.032055056329612253e+00 4.256654326118480185e+02
1.047055056329612377e+00 4.063717784044446262e+02
1.062055056329612501e+00 3.879400005090612353e+02
1.077055056329612404e+00 3.753186301941123588e+02
1.092055056329612306e+00 3.644797411837221830e+02
1.107055056329612430e+00 3.539531729887626739e+02
1.122055056329612333e+00 3.437299444156506070e+02
1.137055056329612457e+00 3.338013320616992701e+02
1.152055056329612359e+00 3.241588629278879239e+02
1.167055056329612484e+00 3.147943072430059601e+02
1.182055056329612386e+00 3.057844633398458996e+02
1.197055056329612288e+00 2.972285710640352931e+02
1.212055056329612412e+00 2.889118764459441877e+02
1.227055056329612315e+00 2.808276980623274994e+02
1.242055056329612439e+00 2.729695409472560073e+02
1.257055056329612341e+00 2.653310913937684745e+02
1.272055056329612466e+00 2.579062119002982172e+02
1.287055056329612368e+00 2.506889362578556302e+02
1.302055056329612270e+00 2.436734647740407240e+02
1.317055056329612395e+00 2.368541596300846663e+02
1.332055056329612297e+00 2.302255403672197360e+02
1.347055056329612421e+00 2.237822794987728514e+02
1.362055056329612324e+00 2.175191982444934240e+02
1.377055056329612448e+00 2.114312623837053877e+02
1.392055056329612350e+00 2.055135782239835578e+02
1.407055056329612253e+00 2.000331197475427416e+02
1.422055056329612377e+00 1.947153557728866247e+02
1.437055056329612279e+00 1.895353646843860531e+02
1.452055056329612404e+00 1.844897065438011907e+02
1.467055056329612306e+00 1.795750227702531561e+02
1.482055056329612430e+00 1.747880343690144969e+02
1.497055056329612333e+00 1.701255401939360752e+02
1.512055056329612457e+00 1.672587560784118352e+02
1.527055056329612359e+00 1.655384412145966451e+02
1.542055056329612261e+00 1.638349302851417519e+02
1.557055056329612386e+00 1.621480643903411192e+02
1.572055056329612288e+00 1.604776861198097038e+02
1.587055056329612412e+00 1.588236395384786022e+02
1.602055056329612315e+00 1.571857701727223002e+02
1.617055056329612439e+00 1.555639249966168620e+02
1.632055056329612341e+00 1.539579524183259593e+02
1.647055056329612466e+00 1.523677022666146570e+02
1.662055056329612368e+00 1.506131914047825262e+02
1.677055056329612270e+00 1.488619294073879757e+02
1.692055056329612395e+00 1.471264918575689080e+02
1.707055056329612297e+00 1.454067504559982069e+02
1.722055056329612421e+00 1.437025784479161530e+02
1.737055056329612324e+00 1.420138506078330352e+02
1.752055056329612448e+00 1.403404432241793529e+02
1.767055056329612350e+00 1.386822340838984076e+02
1.782055056329612253e+00 1.370391024569785543e+02
1.797055056329612377e+00 1.354109290809208801e+02
1.812055056329612279e+00 1.337975961451384421e+02
1.827055056329612404e+00 1.321989872752830877e+02
1.842055056329612306e+00 1.306149875174978092e+02
1.857055056329612430e+00 1.290454833225894902e+02
1.872055056329612333e+00 1.274903625301198389e+02
1.887055056329612235e+00 1.259495143524120095e+02
1.902055056329612359e+00 1.244228293584682206e+02
1.917055056329612261e+00 1.229101994577983277e+02
1.932055056329612386e+00 1.214115178841541649e+02
1.947055056329612288e+00 1.199266791791692413e+02
1.962055056329612412e+00 1.184555791759004251e+02
1.977055056329612315e+00 1.169981149822714741e+02
1.992055056329612439e+00 1.155541849644138068e+02
2.007055056329612341e+00 1.141236887299067035e+02
2.022055056329612022e+00 1.127065271109123756e+02
2.037055056329612590e+00 1.113026021472067271e+02
2.052055056329612270e+00 1.099118170691052967e+02
2.067055056329612395e+00 1.085340762802824770e+02
2.082055056329612519e+00 1.071692853404848194e+02
2.097055056329612199e+00 1.058173509481387811e+02
2.112055056329612324e+00 1.044781809228520899e+02
