7.000000000000000000e+00 1.000000000000000056e-01 4.367848362948998329e+03
7.000000000000000000e+00 1.467799267622069415e-01 1.933247081566227507e+03
7.000000000000000000e+00 2.154434690031883370e-01 1.155064832595858434e+03
7.000000000000000000e+00 3.162277660168379412e-01 5.652246090329929302e+02
7.000000000000000000e+00 4.641588833612778631e-01 3.445106719835904983e+02
7.000000000000000000e+00 6.812920690579611360e-01 1.831044194090083579e+02
7.000000000000000000e+00 1.000000000000000000e+00 9.873180319055590815e+01
1.090389598523971593e+01 1.000000000000000056e-01 2.938491573433513622e+03
1.090389598523971593e+01 1.467799267622069415e-01 1.384191182617731101e+03
1.090389598523971593e+01 2.154434690031883370e-01 6.803679722592789858e+02
1.090389598523971593e+01 3.162277660168379412e-01 4.041326184555633745e+02
1.090389598523971593e+01 4.641588833612778631e-01 2.264709504941939713e+02
1.090389598523971593e+01 6.812920690579611360e-01 1.323619013905146176e+02
1.090389598523971593e+01 1.000000000000000000e+00 7.341849627031702141e+01
1.698499252241810709e+01 1.000000000000000056e-01 2.297931481903022359e+03
1.698499252241810709e+01 1.467799267622069415e-01 1.114533320878261293e+03
1.698499252241810709e+01 2.154434690031883370e-01 6.041472700581661002e+02
1.698499252241810709e+01 3.162277660168379412e-01 3.397146371748950742e+02
1.698499252241810709e+01 4.641588833612778631e-01 1.950271215003338057e+02
1.698499252241810709e+01 6.812920690579611360e-01 1.129234108247656110e+02
1.698499252241810709e+01 1.000000000000000000e+00 6.765966687464333518e+01
2.645751311064590894e+01 1.000000000000000056e-01 2.258568447421426754e+03
2.645751311064590894e+01 1.467799267622069415e-01 1.121940460417421718e+03
2.645751311064590894e+01 2.154434690031883370e-01 5.983407010704464710e+02
2.645751311064590894e+01 3.162277660168379412e-01 3.108119002365374968e+02
2.645751311064590894e+01 4.641588833612778631e-01 1.825442258604681456e+02
2.645751311064590894e+01 6.812920690579611360e-01 1.119053174546780980e+02
2.645751311064590894e+01 1.000000000000000000e+00 6.181845355589948809e+01
4.121285299808557312e+01 1.000000000000000056e-01 2.920949982800838825e+03
4.121285299808557312e+01 1.467799267622069415e-01 1.511475415289925877e+03
4.121285299808557312e+01 2.154434690031883370e-01 9.626988812359926442e+02
4.121285299808557312e+01 3.162277660168379412e-01 4.686755137261568507e+02
4.121285299808557312e+01 4.641588833612778631e-01 2.588018711895141450e+02
4.121285299808557312e+01 6.812920690579611360e-01 1.287117225148745661e+02
4.121285299808557312e+01 1.000000000000000000e+00 7.706554036913084360e+01
6.419723747801424452e+01 1.000000000000000056e-01 9.318951543546419998e+03
6.419723747801424452e+01 1.467799267622069415e-01 4.053921505387075285e+03
6.419723747801424452e+01 2.154434690031883370e-01 2.544235835951017634e+03
6.419723747801424452e+01 3.162277660168379412e-01 8.763763398240690776e+02
6.419723747801424452e+01 4.641588833612778631e-01 4.732814443947378891e+02
6.419723747801424452e+01 6.812920690579611360e-01 2.782315620307238078e+02
6.419723747801424452e+01 1.000000000000000000e+00 1.598134092255057794e+02
1.000000000000000000e+02 1.000000000000000056e-01 5.255345032392165740e+04
1.000000000000000000e+02 1.467799267622069415e-01 2.950709358709671505e+04
1.000000000000000000e+02 2.154434690031883370e-01 2.334101052683778471e+04
1.000000000000000000e+02 3.162277660168379412e-01 5.045741587618778794e+03
1.000000000000000000e+02 4.641588833612778631e-01 2.938499482181532585e+03
1.000000000000000000e+02 6.812920690579611360e-01 1.612721811551487008e+03
1.000000000000000000e+02 1.000000000000000000e+00 3.181287152995424549e+03
2.000000000000000000e+01 1.000000000000000021e-02 1.679366163207446225e+05
2.000000000000000000e+01 2.154434690031883232e-02 2.611123566512309480e+04
2.000000000000000000e+01 4.641588833612777382e-02 6.670399894518919609e+03
2.990697562442441537e+01 1.000000000000000021e-02 1.281919506811692263e+05
2.990697562442441537e+01 2.154434690031883232e-02 2.744244130649456565e+04
2.990697562442441537e+01 4.641588833612777382e-02 6.504438317532095425e+03
4.472135954999579610e+01 1.000000000000000021e-02 2.054584853811401990e+05
4.472135954999579610e+01 2.154434690031883232e-02 3.713032202853165654e+04
4.472135954999579610e+01 4.641588833612777382e-02 9.830330431210773895e+03
6.687403049764220953e+01 1.000000000000000021e-02 4.933093423664955772e+05
6.687403049764220953e+01 2.154434690031883232e-02 9.477067162688281678e+04
6.687403049764220953e+01 4.641588833612777382e-02 2.226291088622826283e+04
1.000000000000000000e+02 1.000000000000000021e-02 3.455487662394613493e+06
1.000000000000000000e+02 2.154434690031883232e-02 3.868749124303979916e+05
1.000000000000000000e+02 4.641588833612777382e-02 8.713270197077696503e+04
