5.000000000000000278e-02 2.268499616779403871e-01
1.500000000000000222e-01 1.231674775501868241e-01
2.500000000000000555e-01 9.286326955694601537e-02
3.500000000000000333e-01 7.717003299025301799e-02
4.500000000000000666e-01 6.724813114556514593e-02
5.500000000000001554e-01 6.028004917171210508e-02
6.500000000000001332e-01 5.505592018919488323e-02
7.500000000000002220e-01 5.096024823167039086e-02
8.500000000000001998e-01 4.764309747649409649e-02
9.500000000000001776e-01 4.488914922850547468e-02
1.050000000000000266e+00 4.255782197293900282e-02
