5.000000000000000278e-02 9.411676537827880218e-02
1.500000000000000222e-01 5.118004718481909687e-02
2.500000000000000555e-01 3.865118818677305834e-02
3.500000000000000333e-01 3.217322046988165679e-02
4.500000000000000666e-01 2.808378397006231972e-02
5.500000000000001554e-01 2.521597019384696353e-02
6.500000000000001332e-01 2.306888488933173803e-02
7.500000000000002220e-01 2.138780784069453308e-02
8.500000000000001998e-01 2.002797933652602710e-02
9.500000000000001776e-01 1.890036586280707462e-02
1.050000000000000266e+00 1.794686368021617892e-02
